83

,161161666661661 16 16 6161, 66 1616666166616 16
6616 6661. 1116116 66 zeggen, 161666 6116 6666616-
1636666661, en 16 6116 6666161611 6666666166161 hlij-
661166. 1116666161 666 6661, 666 66661, 616 16 groot-

166 Workmeesters betaamde!

mgannde 166 16 beweeging, 661166 116 61666116166
16 666166161163 666 16 661666-6661 616 661 1166 16-
1, 6661111616 166616, 161 66 666 6116 66661616111666-
1, 66 16 6116 6666161611 6666666166161 6611116666,
66 66616116 16 16 1666 6661631, 6616166 6661 1666
66116 1661666 666166661666 166 worden, 66666 611666
6111161 6661666166166111611; 66616666, zeg ik, 661-
66611166 6161 16616166, 66666 611666 111 ’66 61 zeggon,

661666616666, Μ661661, 6111616661661, 6661116161 ¹

1161 3666166666.

16666616 16166661666 16 16 16616616 6661, 16666 666
616 1’ 66661616 666Ζ6666, Μ661661, 616661116161
6661 666 (161, 666 6116 6666161611, 66166116666613-
6666666166161 111166616. Ι)6666 61166 616666616616
Ι666 , 6666661161 61166 11666 66 6616666161166 16 6116
616 6666616666 661 161 66116 666661 666 6661616161 61
6616661161666666666166161 genoegen, 6161 16666616
1166161666 ’1 geen 1611661. 1161666116, 166661 go-
16666 1666 6161 6611 11666 611616, 666 661166 66111
1666 1166 66 16 16 666166161166 666 16 666166616666
1616 11666166 166666 16 bewijzen: 66666666 66 ’6611666
66666 61 661166 666666.

’1 (1666 1166 666 16 1666661666 16 16 616116 666611 6661, 16 1166
6 66661 6666116 6661166 661666 66661166666 16 6666661 6661616
, 661111 hij 6 posteriori 61 6661661166 661666 166116 1661 111 166
6 6661 61666, 166161 op 16166166 61616 6616661 16, 61 1666666 61-
51⁸·

Q*

 

