155

111 1111 11111311 111111 111111111311111111, 11 11111
1111111111111111111 zijn, 111 11111 1111111 noodzakelyk
111111, 1111111111, 111. 11111111111131 111 1113111111
'wmorpt 111111, 1111111111 hem ’1111111111 111111111;
1111111111, 111 111 111111 11111111111; 1111, 111 hy op de
1111111 11111 11111 munt: gunst 11111111111111111111111

1111111111, 1111 1111111111 (111. 11111 111111 mensch
1111111111 (111 111111 11 1111111111, 1111111111 1111111·
1111111111 111111, 111 11 111 onmogelyk in 1111 poel van
lu'dingen 11 111111111ε mrum wy 1111 111 11111 11 111111·
11111 111811 1111111, 1111111 de 111111 11111131 1111111
vanai 1113111, 11 111 1111111111 111 11111 111111 11.

11111111 11 1111 111 11 11111111, 111 111111111111.
1111111111 1111, 1111111111( 111 111 1111111 1111111 11111
111111111 1111111111 11111111111111 word, 111 11111111 op
111 11111111 ’11111 1111111311, want 111 11 1’ 11111 1111
111 1111111111ς 1111111111 11 111111111111111111111111
grijpen. 111 111111 111111 1111111111, 11111111 wy in 111
1111 11 1111113111 Η11111111 11 onsterflykheid 1111111111·
4 111 1111111111 11 11111111.

111 1111111 111 3111111111 11111111111 11111 1111111
1111111 wijze 11 1’ uytwerkinge 111 ’1 11111 3111111 111·
11111. 111 111111 wy nu¹voortgaan 111111111111 111 “
11 111111 11 1111111 1111111131, 111 by 111 op 11111.
11111113 1111 11113111111 11, 11 111 volgende

VIJFTIENDE HOOFDDEEL.

vAN nm WAARE, 1111 vALsclm.

Om 111111, hoedanig de vierdo 11 1111111 uytwerkinge
111 ’1 wear Geloof 111 11111111111 11111111 11111111.
111 111111 wy 11 11111111111811111111111ἰά11,1111111111

111111 1111113111.

 

