27

1111111111 111. 111 11 1111111311131 hebben, 1111111
11111 1131111111111 111 1111 111111 zijn, 11111111 1113
111111 11 3111111111111111111 111111 (1111 vy 111 111
11111 111111 d' 111111 1111111 1111111111111 konnen 111-
11111), 111 1111111111

1. 011111 11 11 11 1111111 31111111 hebben, 1111111111
11111113 11 11111111 111111 11111 zijn. door 11111111
1111111111 11 1111 11111111 worden, 111 11111113 een 111111
111 ’1 11111 11111 11 11111 1111311131111111. 1111111111
111 111 111111, ’111111111311111111111111111, moe·
1111 1131111111111 3111131 111111, 11111111111111111111
1111111 111 111111111111111, 111 1111 meet eigenschappen
111111 men 111 111 1111111111111ς 11 3111131111, 111 111
111111 11111113 11, 111 1111111 111 11111 11311111111111
11111113 zijn: 11 11111 111 11 ’1 111 11 111 11111113 111-
1111111111.

1. 011 11 11111111 111 11 11-111 11 11 1111111111,
11 11 111111 ¹) 111 ’11 1111111111 1111111 1111111, 111
11 11111 11 1111 met den andere onmogelijk 1111111-
1111311.

3. 011111 11, gelijk wy nu 1111111131111111111111111
111111111131111 111 ander 1111111 111111111311, 1111 111,
111 111111 111111111131111 niet is, 1111111311111 11 111
11 11111 11311111 te zijn ²), 1111111111111111131111111-

11 Dat 11, 11111 111111111111111111113111111 1111111, 1111111111
1111 11113 111111 111111111 1111111,111 11111 111 11 1111111311311111-
11111, om 111 11 1111111111 1111 111 11 11 ’1 311111 3111 3111111111)
11111111 hebben, 111 1111111113 11 1111111113, 1111111 1111111111
11111111.

2) Dat 11, 111111 31111111111111311111111111111111111111111, 111

1111111111 31111 1111111111111 11131 111 baar 11111111111, 11111111· 11
113111111111 11311111 word, 11111131, 111 11 11111111111111111, 111111
ieta, 111 11 1111 1131111111, 11111 zijn 11111111111, 1111111111111111
1111111113 11 11111111. 01 aldus: 1111 111111111131111 11 1111111111,
111 31111 1111111111]111111 111 1111131 111111111131111 op 1111111111311111

 

