41

31331133 wilt 3033133 33113133113133133, 13ορ313133313
313331131333333311333333 331333, 133 13031 33 haar
301 311333 3033333 133 0333131333 13 331131331131311 333
vien zy afhangenz want als door 3131331333133133313
303133 33 333 3 3131133333333; en op 1333133 wiy's als
131, 311133,1 33303133. 33331333, beminnen, 333. 33333131133
313333 3113 333 1313333 33 333 13313313 331131331131311
30331, 3333 103 33 1133113 13333133 101333 333311; 300
1331331311 001, 1003 uw eigen 13313333, 13113033131133
33113311133 33 1331133 3113331333 andere oneindige 31333·
33133333, 31 3013333 uw stijl 33113133113133133, 3131331333
3133 313 313333 van 13133313 333313 33313113 33 13333131
3311 133133313 333333, 333313 31133333 33 3331313, 33
133133 33113 3331311 men 3333 3331 3131 133 3331331133.

Beyoerelijkheid. In 13333 333 wijze van spreken 313 11,
300 33 13311, 333 3333 330013 3333333133; want gy schiy'nt
13311133, 131 1313311331 1313 133133 0130313331333133133
103 zijn: dat voorwaar ongeriy'md is; 3311333113 Wijsgee·
333 3333333313 333333, 131 131 331331 13 3331133313 133113-
1311, 33 131 13 1333133313313313133333131131133313
yeeu 3331 33 13. 11333 ’3 bom, 300 313 11 331 33 voot-
Ι 1311313333, 303 33333331 33 ’1 331331 313113 οο33331;
3131, 33113111 333, 1313311331 1331331311333 333 011003

3331331333 33 31300 13 ’1 13133 31313313313133311 333
13311313 333 3331, 333 wien 13133331331, 13 113113 333.

3113331ς 33 33 1331 113 3333 331331 3033133, maur een
0013331333 13 331333133133, 1003 3 31 33303131.
1313311 3133331, 103 gy 133333 my alle 333 3313133,

1 nmen roept; 33 31330, 1313333 33 3131 33333031 3131 333
1313313 33313333 33113 333133, 1311311311 33 33 13 1033
3311311313133131311333 3003133; 331131 gemeenelijk 131
3331 133 333333 13 113 3131 13333 13 33331311 133133.
1331133 331 31003131 1311131, om 1311131133 101 313
1331133, 313133131133. Uw 333333 13313, 1311 0333331,
133333133 113 13 333 33300333133 333 13 331333133133,

 

