165

1161 116116 11636131 1616616113611611611661111, 116
111 16111111 meer 16611361 op de 1661611111 reeden, 111
1 16 1111111616 dingen 116 11116131111611161111]1;
1111661 oy 1611 16 16616116 111 166161 116111661111
611113, 11161611 1111161316 1166161116 eanmerken: 61 111
111 161161 6611611 111 661136 dingen 1161161 16 zijn; gelijk
161 geone, 1116111 111 1663611661113 11166161, 11611161-
3116111 16 gebennen. 11111611 161 161 mensch nu 16616
1 111 116 111 heeft, 166161111316111111111111161
161361661611116, die hy Wil noemt; gelijk 1131311161
11116611 111 11161161 mensch 661113616611611116611
1111 111 mensch. Vraagt 1161 111, 11111611 161 mensch
t 6116111111 het 61116111 16, om 16111661 11111611·
n. Doeh 1111611161 16 wil, ondersohoiden 111 11161111
willon, 1111311161 111116 161 1611161, 61 1161161111116-

nogelyk om 1616311161, 116116116661116636111161, 111161 1161
1166116 1611111116 1111161161 111 16111 111 is.

Doeh 6111161 1161 my niet 1161 om 11161 by 16 11111361, 1111111161)
3611 16 6161111311166136161111611611111111311611, 166 111111, om
11 16 61111361, 6111111 116161 111 1611311111 111 16 wil 36611111 op
o’n 36111136 8116311131111, 111 111 1111161116166161; 111111-
m in (161 661 61161161116161111616166111611, om 661 enak 11
ιω 16 1161111161, 11161161611616661161161, 16111116 11111111116
uk niet een 6636111111( 161 konnen 11611161, 16161111111111116
uk 6611 11611 66111161111111116116636113611, 1111611616111, 3661
11611 1111116116 om 11611 16 1161166161, 1661 11116116611161116111 1611
11161111161311. 111161 1161 111 1631, 111 16 1161 1611111113 11111611
111116611116131, 166 11113111, uyt 111 11161111 111 111 3616111611 1161
11116 36616 16116361661111, 1611 116 11 1111 16661; 661 niet 131 16
1611666116 16 11 heeft, 1111 16 116611 ’61 11 ’1 361661 3661 11611161
1116 1111116 6636111111 161 konnen 11661111 61 111161, dewijl 1636111-
113661111661 1611, Dewijl 'er 111 36611111116, 1166611361116111
11111111ιί611 1611116 1111161161, 61 1611 16611 1611161361, 166 1611 ’er
11111116 1661131611, 111 (161 6116611 161 1116 11136116 1161116116 661·

xio, 61 zijn 11661, 6111111161111111361111 hem 111661 11631111
61.

 

