191

neg 888888, 818 hobboode 8881818888888 18188 888188
1888 88818 18881888 88818 88881888 konnen worden, 88118
888 88888188 1888181881888 (gelijk 1881 8888818118 881888
dingen 18), 8888811888 18881888 88118 konnen en moeten
konnen, en 188 8881 booten konnen, 818 88 888 88118
konnen·

Uyt 1881 geon 88 188 181 hier too hebben gonegd 18 lig-
18181 ef 18 momen, 8811818 88888888818888881888188
lijdingen 81888 8881 88118111818888 met 18888 beweeging
en 8881, 81188881888881888118881818881, dio 18888818
8181 8181 881888 1888188 18888118, 818 8888888888 nijn-
18, (1888888 bekend 18 8888188, 88 88 181 18 888188818·
gon eijn, die 88 888 ’1 88188 88881881, 1881 eij ¹) good of
188881, deonna 8881 18 8181881888 booroongodeen; doob
dit 81818888 8888881 88888 1181888818 (went 188 88888
18 88888888818 8888881888 18 Lijdingen), 88888 8888 888
8881 88 888 88888888 18, gelijk 8118 881888 dingen, 118
881 18 881118 uytworkingon 888188 1888, 181188 88 8181
88818818 888 18 8181 8881888188. Waen meo ik 8818188 8181

1) 181188 men vreegt, 8888 8811818888118881, 181 8818818888
8881881 88188 18881 konnen 18 81181 888 11881181 881888818 nede-
88881 188118 8888888888 nijn 118888 18888818881888 888888 888188,
888 worden 88 888 1* eone 881888 818 888 1881888 8888818888, Dio
188, 888 18 88118 8818181188888888118181(88188888181888888188-
8888188 88 8881, 8888 8188 1881888) 1888888888 888188, 8188 8881881
81188 8888888881. 118 hier 881 18 18 888 81188181 eleg 888 gemel,
181 88 18 888 888888 888188, 88 888111818 1888 11818881818 8888888·
888 18 888 11818888 88818818 18, 88118 88 1888881818 818888118188188
noemen, 818 181 men 1888881 18 18 188811811188188818881888, 81
8881888888, 188811118188, wijn 1818188, 8881881 88118 18 8181, 8818888
88118 8181 88818818, 888888 8881, 81888 118 88818818 heere vorbon·
gingon 88888181888888 8888818 endor eleg eijn3 8881188 88811 geon
11818888 18 888 11818888 , mear 18 8888188181818 8181881888111881118188888
818 888 8881818888 88 8888181818 hoo 181 18 8181 bier 8888818818 88811,
1888 181 1881888881 881 881888118818.

 

